-138.828903 59.492401 41.384346 23 5C-HRLQ-
-165.373199 64.564598 33.089953 139 AK-ANM-
-174.197495 52.201599 42.435748 134 AK-ATKA-
-142.091507 60.489601 28.767523 30 AK-BAGL-
-142.346207 61.035999 46.875000 197 AK-BAL-
-142.493103 60.403000 29.818925 10 AK-BARK-
-141.662201 61.059502 45.589953 70 AK-BARN-
-139.636902 59.953400 29.001168 33 AK-BCP-
-143.703796 60.392300 25.613318 24 AK-BERG-
-143.284103 60.120499 24.094626 18 AK-BGLC-
-144.605103 60.967701 34.725467 421 AK-BMR-
-150.987305 64.099701 30.052570 421 AK-BPAW-
-150.906296 59.751099 53.300234 176 AK-BRLK-
-150.741394 59.741699 34.375000 30 AK-BRSE-
-149.299103 64.173203 30.286215 29 AK-BWN-
-152.084396 63.418800 34.141355 151 AK-CAST-
-147.805298 64.645302 27.365654 207 AK-CCB-
-155.622498 55.821800 33.674065 11 AK-CHI-
-159.589493 54.831001 20.940421 18 AK-CHN-
-152.317200 63.882198 29.702103 147 AK-CHUM-
-150.203796 67.226898 36.594626 461 AK-COLD-
-143.092606 60.752300 27.132009 75 AK-CRQ-
-141.340103 60.964901 45.706776 162 AK-CTG-
-150.262497 62.405800 35.192757 28 AK-CUT-
-142.487198 60.082298 40.099300 35 AK-CYK-
-138.215393 59.090599 36.127336 95 AK-DCPH-
-147.375900 63.075298 30.636682 137 AK-DHY-
-145.774902 61.129200 49.795561 410 AK-DIV-
-144.069702 63.648201 32.155374 264 AK-DOT-
-145.750000 60.548698 24.678738 440 AK-EYAK-
-163.417496 54.856400 23.977804 102 AK-FALS-
-171.703506 63.775799 33.323598 388 AK-GAMB-
-156.879196 64.746101 39.281542 28 AK-GCSA-
-148.925995 61.771000 51.080607 105 AK-GHO-
-143.812302 61.441700 28.884346 120 AK-GLB-
-147.095901 60.879200 46.407710 94 AK-GLI-
-147.399902 64.987801 32.622664 34 AK-GLM-
-144.729202 60.580502 29.935748 25 AK-GOAT-
-143.320999 60.280499 20.940421 46 AK-GRIN-
-141.755798 60.731499 34.725467 40 AK-GRNC-
-146.947693 64.409500 29.585280 20 AK-HDA-
-146.503494 60.396000 27.832944 45 AK-HIN-
-144.262299 60.335098 39.632009 29 AK-HMT-
-151.651505 59.657200 23.744159 76 AK-HOM-
-142.340607 60.602402 30.052570 28 AK-ISLE-
-143.251007 60.442699 22.809579 68 AK-KHIT-
-142.360504 60.923100 58.089953 75 AK-KIAG-
-145.922699 61.492401 57.856308 136 AK-KLU-
-148.458496 61.413101 59.375000 137 AK-KNK-
-150.923294 63.552700 31.571262 333 AK-KTH-
-142.723404 60.247398 44.188084 34 AK-KULT-
-143.024002 61.383598 54.001168 40 AK-MCAR-
-148.937302 63.731800 41.267523 230 AK-MCK-
-148.231903 64.960197 29.468458 239 AK-MDM-
-141.950500 60.178501 38.697430 40 AK-MESA-
-150.744202 65.030403 33.323598 192 AK-MLY-
-149.070602 64.592201 26.547897 38 AK-NEA-
-143.969193 60.236099 43.720794 9 AK-NICH-
-168.854996 52.972099 19.655374 110 AK-NIKH-
-145.469894 62.969898 44.421729 300 AK-PAX-
-140.252502 60.095901 44.538551 51 AK-PIN-
-139.403595 59.665901 34.842290 140 AK-PNL-
-145.524597 65.517403 35.893692 105 AK-PPD-
-152.189407 62.896198 45.005841 250 AK-PPLA-
-142.467194 61.187099 56.220794 90 AK-PTPK-
-148.333405 60.858398 29.935748 118 AK-PWL-
-149.738998 61.088902 27.716121 396 AK-RC01-
-162.908005 68.054100 42.085280 145 AK-RDOG-
-144.843994 63.740299 34.725467 81 AK-RIDG-
-141.347794 60.299400 46.875000 41 AK-RKAV-
-148.860199 63.405602 41.968458 221 AK-RND-
-148.331604 61.806999 30.987150 196 AK-SAW-
-147.329605 61.832901 59.959112 96 AK-SCM-
-143.990494 63.976101 34.491822 194 AK-SCRK-
-145.208206 60.534100 41.150701 42 AK-SGA-
-154.184204 56.559299 33.907710 38 AK-SII-
-151.531693 61.980000 32.155374 75 AK-SKN-
-150.223099 60.511700 52.015187 106 AK-SLK-
-170.247696 57.176601 29.234813 105 AK-SPIA-
-150.746704 61.463600 30.403037 143 AK-SSN-
-142.839096 60.179001 23.160047 39 AK-SSP-
-143.779007 60.071999 24.795561 37 AK-SUCK-
-149.452606 60.104301 51.898364 77 AK-SWD-
-141.144302 60.439899 54.234813 51 AK-TABL-
-142.829193 60.754101 51.898364 69 AK-TGL-
-145.758408 63.415901 23.160047 76 AK-THY-
-167.926407 65.560097 32.856308 387 AK-TNA-
-150.289307 63.450199 40.332944 268 AK-TRF-
-166.503998 53.845600 34.608645 133 AK-UNV-
-143.454498 61.227501 57.739486 70 AK-VRDI-
-148.550903 62.829498 37.061916 86 AK-WAT1-
-148.585495 62.962799 37.762850 77 AK-WAT2-
-148.537704 62.681198 35.660047 42 AK-WAT3-
-147.942093 62.834900 37.762850 82 AK-WAT4-
-148.228607 63.062401 39.515187 56 AK-WAT5-
-147.740005 62.580799 29.001168 143 AK-WAT6-
-148.847595 62.833099 37.762850 88 AK-WAT7-
-142.852905 60.448002 40.566589 64 AK-WAX-
-148.091599 64.471497 30.753505 215 AK-WRH-
-141.751007 60.358299 41.267523 54 AK-YAH-
-165.771851 54.135170 40.099299 33 AT-AKUT-
-158.414154 56.301399 40.449766 66 AT-CHGN-
-143.719421 62.938049 39.515187 87 AT-MENT-
-153.287506 57.222500 35.426402 204 AT-OHAK-
-149.130798 61.592201 43.136682 441 AT-PMR-
-135.324402 57.056900 22.575935 153 AT-SIT-
-135.328964 59.460098 40.800234 281 AT-SKAG-
-155.621704 61.108200 36.828271 202 AT-SVW2-
-156.011597 62.930099 36.945093 92 AT-TTA-
-165.933807 54.097500 31.921729 11 AV-AKBB-
-165.993607 54.197899 35.426400 25 AV-AKGG-
-165.957596 54.161800 30.987150 37 AV-AKLV-
-166.070801 54.129200 36.711449 69 AV-AKRB-
-153.357300 59.337021 23.160047 13 AV-AU22-
-153.444702 59.362598 29.935748 9 AV-AUCH-
-153.422699 59.339500 20.706776 24 AV-AUJA-
-155.284302 58.270199 37.178738 79 AV-KABU-
-155.063202 58.296299 26.664720 49 AV-KAKN-
-166.940704 53.808201 37.295561 13 AV-MAPS-
-166.878006 53.793800 40.449766 13 AV-MGOD-00
-152.929306 60.562099 41.968458 10 AV-NCT-00
-168.161896 53.356499 25.963785 27 AV-OKSO-
-152.688293 60.591202 35.075935 21 AV-RDDF-
-152.805801 60.590500 41.150701 68 AV-RDJH-
-152.742996 60.453602 40.099299 10 AV-RDSO-
-152.842499 60.487499 41.851636 10 AV-RDWB-
-152.774200 60.419601 38.931075 23 AV-RED-00
-152.372192 61.259102 24.445093 78 AV-SPBG-
-152.022797 61.291302 35.075935 36 AV-SPCG-
-152.209106 61.200298 39.748832 48 AV-SPCR-
-139.390900 64.065498 36.010514 20 CN-DAWY-
-137.503799 60.825001 38.931075 13 CN-HYT-
-140.459503 61.775501 43.370327 14 CN-YUK3-
-138.139893 60.530701 34.608645 10 CN-YUK7-
-139.764603 61.284401 38.814252 8 CN-YUK8-
-152.583496 57.782799 40.099299 418 II-KDAK-10
-147.861603 64.873596 29.702103 641 IU-COLA-10
-156.617493 71.322098 33.206776 52 TA-A21K-
-143.711395 69.625999 45.122664 30 TA-C27K-
-150.680695 68.965599 49.795561 30 TA-D23K-
-148.823303 69.153198 38.113318 6 TA-D24K-
-146.375107 69.321999 38.931075 29 TA-D25K-
-151.813202 68.134300 46.407710 20 TA-E22K-
-149.616302 68.058403 48.510514 21 TA-E23K-
-148.486801 68.074799 40.917056 30 TA-E24K-
-145.567993 68.120697 39.281542 37 TA-E25K-
-141.595093 68.186096 32.038551 38 TA-E27K-
-136.719101 66.370102 41.501168 94 TA-EPYK-
-153.483002 67.222099 42.318925 31 TA-F21K-
-152.179001 67.507599 48.860981 31 TA-F22K-
-147.887100 67.518700 38.113318 35 TA-F24K-
-145.643005 67.593300 36.828271 42 TA-F25K-
-144.145493 67.694603 34.024533 35 TA-F26K-
-133.742004 67.441002 25.262850 9 TA-F31M-
-153.505798 66.515602 39.164720 26 TA-G21K-
-151.507294 66.921402 37.061916 15 TA-G22K-
-150.023895 66.710800 34.491822 36 TA-G23K-
-147.475403 66.700401 35.543224 23 TA-G24K-
-143.784805 66.949799 31.688084 30 TA-G26K-
-141.654907 66.808800 36.010514 34 TA-G27K-
-152.804993 65.657097 34.024533 53 TA-H21K-
-151.377304 65.893700 34.842290 31 TA-H22K-
-149.543198 65.825104 32.505841 38 TA-H23K-
-147.878098 65.837097 29.702103 43 TA-H24K-
-141.526505 66.230499 39.047897 31 TA-H27K-
-151.982193 65.180000 30.636682 41 TA-I21K-
-149.360306 65.147903 32.155374 62 TA-I23K-
-143.154099 65.306396 27.132009 11 TA-I26K-
-141.615295 65.603500 35.309579 33 TA-I27K-
-138.306305 65.360901 37.879673 29 TA-I29M-
-154.146698 64.176697 38.113318 48 TA-J20K-
-145.369705 64.612999 34.725467 42 TA-J25K-
-143.563599 64.501198 37.412383 50 TA-J26L-
-138.215805 64.453003 29.935748 19 TA-J29M-
-154.070007 63.356899 34.725467 40 TA-K20K-
-142.075806 64.029198 40.332944 77 TA-K27K-
-137.520096 63.843300 32.272196 24 TA-K29M-
-154.854294 62.181599 36.711449 31 TA-L19K-
-153.879807 62.478699 34.141355 44 TA-L20K-
-143.347794 63.025398 30.052570 41 TA-L26K-
-141.827499 63.061798 30.753505 71 TA-L27K-
-138.128998 63.109001 34.491822 23 TA-L29M-
-154.391495 61.903702 43.019860 40 TA-M19K-
-153.131805 61.882301 38.346963 31 TA-M20K-
-150.120499 61.753101 29.234813 11 TA-M22K-
-147.726196 61.792900 45.239486 22 TA-M23K-
-142.996307 62.401299 36.010514 36 TA-M26K-
-141.878006 62.357899 36.360981 29 TA-M27K-
-138.462402 62.443501 35.075935 28 TA-M29M-
-136.793503 62.576302 31.804907 19 TA-M30M-
-134.390594 62.202400 29.234813 8 TA-M31M-
-158.768997 60.474201 38.931075 40 TA-N16K-
-155.889694 60.680099 33.557243 30 TA-N18K-
-154.483795 60.813202 34.725467 47 TA-N19K-
-152.208893 61.200100 40.800234 17 TA-N20K-
-144.598206 61.606098 23.276869 59 TA-N25K-
-137.088501 61.459301 37.879673 22 TA-N30M-
-135.779602 61.486198 36.360981 13 TA-N31M-
-158.093201 59.593800 36.711449 31 TA-O16K-
-157.094604 59.773300 36.945093 30 TA-O17K-
-155.207993 59.854198 39.632009 33 TA-O18K-
-152.623993 60.081501 36.360981 20 TA-O20K-
-149.724106 60.481400 27.832944 33 TA-O22K-
-140.190598 60.771801 59.024533 18 TA-O28M-
-138.575500 60.302399 31.921729 16 TA-O29M-
-136.090607 60.770401 41.384346 18 TA-O30N-
-157.990601 59.031399 25.963785 12 TA-P16K-
-156.439407 59.195301 44.071262 11 TA-P17K-
-155.229202 59.392200 37.295561 37 TA-P18K-
-153.231903 59.652401 27.482477 12 TA-P19K-
-137.738098 59.630402 37.879673 9 TA-P29M-
-136.959793 60.121799 36.594626 24 TA-P30M-
-133.714706 59.589802 32.038551 6 TA-P32M-
-147.433502 65.117104 32.856308 176 TA-POKR-
-156.655594 58.677399 41.501168 8 TA-Q16K-
-155.886505 58.263699 21.290888 11 TA-Q17K-
-155.008606 58.648399 32.973131 22 TA-Q18K-
-153.644608 58.928699 27.482477 11 TA-Q19K-
-152.394196 58.609699 37.295561 15 TA-Q20K-
-156.387207 57.639702 27.248832 9 TA-R17K-
-147.861801 64.873497 29.585280 143 TA-TCOL-
-149.572403 68.640800 47.575935 205 TA-TOLK-
-149.572403 68.640800 47.692757 205 TA-TOLK-01
-141.158096 64.777397 39.047897 213 US-EGAK-00
-150.231812 62.689251 41.968458 129 XE-BYR-01
-146.643616 63.103287 36.477804 27 XE-CZN-01
-148.382935 63.373405 44.538551 78 XE-DH1-01
-147.855225 63.265217 46.758178 13 XE-DH2-01
-147.143753 63.034489 35.893692 57 XE-DH3-01
-149.781433 63.558075 42.786215 34 XE-EFS-01
-148.977997 63.834457 32.739486 41 XE-GNR-01
-149.270538 63.228626 40.683411 57 XE-GOO-01
-149.606369 62.999084 37.061916 126 XE-HURN-01
-149.864838 62.860256 39.047897 52 XE-MHR-01
-150.803925 62.527706 32.038551 49 XE-PVW-01
-149.711731 62.909351 42.202103 11 XE-PYY-01
-148.855057 63.401527 41.033879 18 XE-RND5-01
-148.815002 63.400314 45.356308 25 XE-RNDE-01
-148.877777 63.415718 42.669393 9 XE-RNDN-01
-148.867355 63.401440 41.734813 18 XE-RNDR-01
-148.867569 63.389576 44.304907 14 XE-RNDS-01
-150.199921 63.468590 34.842290 24 XE-SBL-01
-148.804886 63.506710 36.945093 19 XE-SLM-01
-149.121170 63.939140 34.959112 6 XE-SLT-01
-149.299316 64.170219 28.650701 7 XE-SOB-01
-150.060883 62.149956 31.454439 121 XE-TLKY-01
-150.203857 62.560440 35.309579 21 XE-WOLF-01
-150.854263 63.462105 34.959112 60 XE-WON-01
-148.774933 63.655891 38.113318 61 XE-YAN-01
-141.405899 60.155602 44.188084 36 XF-BOOM-
-141.385803 60.172001 49.678738 41 XF-DOST-
-141.549805 60.223499 36.477804 32 XF-KAVU-
-141.347900 60.159199 36.244159 43 XF-LUPN-
-141.454300 60.217602 33.089953 12 XF-STEW-
-141.372696 60.129799 40.683411 15 XF-TRIP-
-147.048096 61.121601 29.351636 31 XL-BBB-
-149.823593 67.851601 42.202103 66 XR-BMQ-01
-150.263504 66.206596 34.725467 72 XR-CBM-01
-149.581696 68.078903 51.314252 90 XR-CHS-01
-148.698502 69.716202 35.075935 80 XR-FRB-01
-150.671005 66.719200 34.842290 109 XR-GBN-01
-161.277802 65.401497 34.491822 105 XR-GTM-01
-148.835999 69.022301 31.337617 85 XR-ICT-01
-148.511307 65.511398 32.973131 84 XR-LMW-01
-148.551407 65.522003 34.725467 36 XR-LVG-01
-165.338303 64.569504 32.856308 75 XR-NOM-01
-155.466003 64.739998 34.258178 67 XR-RBY-01
-148.694000 69.424004 34.959112 109 XR-SAG-01
-149.589996 68.627403 47.926402 99 XR-TFS-01
-150.110001 67.381203 39.982477 102 XR-WSM-01
-149.542892 65.824997 31.804907 70 XR-YRT-01
-149.825607 64.853699 32.272196 18 XV-F7TV-
-149.930695 64.765297 28.650701 30 XV-F8KN-
-149.083099 64.549797 29.468458 9 XV-FAPT-
-149.099197 64.612999 30.636682 38 XV-FPAP-
-148.827896 64.691704 26.781542 29 XV-FTGH-
-147.433197 65.117302 32.739486 90 YE-PIC1-01
-147.433197 65.117302 32.973131 90 YE-PIC2-
-147.433197 65.117302 32.973131 90 YE-PIC3-01
-147.430405 65.117599 32.973131 22 YE-PIC4-
-139.545807 59.972198 42.669393 9 YO-TIDE-
-149.539703 61.244801 53.767523 82 YV-ALPI-
-149.346802 60.375500 34.959112 61 YV-AVAL-
-149.817398 61.591900 55.753505 17 YV-BIGB-
-148.417099 60.774601 41.851636 78 YV-BLAK-
-149.594101 60.550800 51.080607 88 YV-DEVL-
-149.355896 60.256401 41.033879 25 YV-DIVI-
-149.409500 60.008400 42.786215 59 YV-HEAD-
-149.769699 59.835098 37.879673 22 YV-HOLG-
-149.597702 60.873798 58.206776 68 YV-HOPE-
-149.425507 60.776001 41.968458 64 YV-HOPJ-
-149.497894 61.000999 60.309579 45 YV-INDI-
-150.461700 60.483200 56.337617 31 YV-LSKI-
-149.481003 60.671700 47.225467 55 YV-LSUM-
-148.091400 60.518299 39.865654 24 YV-MAIN-
-149.545395 61.342701 47.692757 54 YV-MCDC-
-149.373901 60.475399 40.332944 31 YV-MOOP-
-150.029404 61.695400 27.248832 79 YV-NANC-
-147.953400 60.709801 48.510514 54 YV-PERI-
-150.031601 60.488098 47.459112 79 YV-RUSS-
-149.187195 60.804501 50.613318 60 YV-TUPA-
-150.190002 60.460098 48.627336 43 YV-USKI-
-148.623795 60.786598 30.753505 29 YV-WHIT-
