   33
  -18.400000000  -18.400000000   20.000000000
    4.000000000  -18.400000000   20.000000000
   18.400000000  -16.800000000   20.000000000
  -12.000000000   -9.200000000   20.000000000
   15.200000000  -12.000000000   20.000000000
   -8.800000000   -4.800000000   20.000000000
    7.200000000   -7.200000000   20.000000000
   20.000000000   -5.600000000   20.000000000
    5.600000000   -2.400000000    7.840000000
   20.000000000   -2.400000000    0.000000000
   16.800000000    4.000000000    0.880000000
   18.400000000   10.400000000    0.160000000
   -4.000000000   15.200000000    0.600000000
    4.000000000   20.000000000    0.000000000
  -16.800000000   -0.800000000   19.640000000
  -18.400000000   12.000000000   11.120000000
   -8.800000000   20.000000000    0.000000000
   -4.000000000  -18.400000000   20.000000000
   12.000000000  -20.000000000   20.000000000
  -20.000000000   -8.800000000   20.000000000
   -4.000000000  -12.000000000   20.000000000
  -13.600000000   -4.000000000   20.000000000
   -0.800000000   -5.600000000   20.000000000
   12.000000000   -5.200000000   20.000000000
   -4.000000000   -2.400000000   13.080000000
   13.600000000   -3.200000000    3.720000000
    8.800000000    2.400000000    3.760000000
   -0.800000000    5.600000000    4.680000000
    5.600000000   10.400000000    1.440000000
   12.000000000   15.200000000    0.200000000
   20.000000000   20.000000000    0.000000000
  -20.000000000    4.000000000   17.760000000
  -20.000000000   20.000000000    0.000000000
