  32
  32
-0.32791033E+00
-0.30675483E+00
-0.28559932E+00
-0.26444381E+00
-0.24328831E+00
-0.22213280E+00
-0.20097730E+00
-0.17982179E+00
-0.15866628E+00
-0.13751078E+00
-0.11635527E+00
-0.95199764E-01
-0.74044257E-01
-0.52888751E-01
-0.31733245E-01
-0.10577738E-01
 0.10577768E-01
 0.31733274E-01
 0.52888781E-01
 0.74044287E-01
 0.95199794E-01
 0.11635530E+00
 0.13751081E+00
 0.15866631E+00
 0.17982179E+00
 0.20097733E+00
 0.22213286E+00
 0.24328834E+00
 0.26444381E+00
 0.28559935E+00
 0.30675489E+00
 0.32791036E+00
-0.32791033E+00
-0.30675483E+00
-0.28559932E+00
-0.26444381E+00
-0.24328831E+00
-0.22213280E+00
-0.20097730E+00
-0.17982179E+00
-0.15866628E+00
-0.13751078E+00
-0.11635527E+00
-0.95199764E-01
-0.74044257E-01
-0.52888751E-01
-0.31733245E-01
-0.10577738E-01
 0.10577768E-01
 0.31733274E-01
 0.52888781E-01
 0.74044287E-01
 0.95199794E-01
 0.11635530E+00
 0.13751081E+00
 0.15866631E+00
 0.17982179E+00
 0.20097733E+00
 0.22213286E+00
 0.24328834E+00
 0.26444381E+00
 0.28559935E+00
 0.30675489E+00
 0.32791036E+00
 0.99985856E+00
 0.99963647E+00
 0.99957836E+00
 0.99958575E+00
 0.99963892E+00
 0.99977762E+00
 0.99985987E+00
 0.99997532E+00
 0.99998033E+00
 0.99998510E+00
 0.99998957E+00
 0.99999344E+00
 0.99999630E+00
 0.99999768E+00
 0.99999636E+00
 0.99999106E+00
 0.10000445E+01
 0.10000346E+01
 0.10000279E+01
 0.10000198E+01
 0.10000037E+01
 0.10003772E+01
 0.10010216E+01
 0.10020709E+01
 0.10040002E+01
 0.10078789E+01
 0.10103538E+01
 0.10029280E+01
 0.99624509E+00
 0.98856461E+00
 0.97983414E+00
 0.97008067E+00
 0.10004654E+01
 0.99995494E+00
 0.99996412E+00
 0.99997103E+00
 0.99997342E+00
 0.99997401E+00
 0.99997360E+00
 0.99997240E+00
 0.99997079E+00
 0.99996823E+00
 0.99996412E+00
 0.99995649E+00
 0.10000113E+01
 0.10000570E+01
 0.10000571E+01
 0.10000595E+01
 0.10000632E+01
 0.10000689E+01
 0.10000516E+01
 0.10006006E+01
 0.10002404E+01
 0.10010619E+01
 0.10022736E+01
 0.10040419E+01
 0.10068079E+01
 0.10115678E+01
 0.10204709E+01
 0.10142868E+01
 0.10088830E+01
 0.10029385E+01
 0.99499470E+00
 0.98665458E+00
 0.10012552E+01
 0.10002472E+01
 0.99987149E+00
 0.99988616E+00
 0.99989325E+00
 0.99989641E+00
 0.99989724E+00
 0.99989593E+00
 0.99989259E+00
 0.99988639E+00
 0.99987507E+00
 0.99996370E+00
 0.10000339E+01
 0.10001562E+01
 0.10001621E+01
 0.10001732E+01
 0.10001900E+01
 0.10001596E+01
 0.10006894E+01
 0.10011048E+01
 0.10015676E+01
 0.10008028E+01
 0.10009538E+01
 0.10029699E+01
 0.10063388E+01
 0.10115010E+01
 0.10202675E+01
 0.10227145E+01
 0.10158406E+01
 0.10125943E+01
 0.10086670E+01
 0.10090464E+01
 0.10018978E+01
 0.10006149E+01
 0.99998474E+00
 0.99979734E+00
 0.99980909E+00
 0.99981457E+00
 0.99981564E+00
 0.99981308E+00
 0.99980640E+00
 0.99979353E+00
 0.99994236E+00
 0.99983013E+00
 0.10000453E+01
 0.10002630E+01
 0.10002841E+01
 0.10003160E+01
 0.10002967E+01
 0.10008359E+01
 0.10013765E+01
 0.10017774E+01
 0.10031956E+01
 0.10022703E+01
 0.10015103E+01
 0.10008943E+01
 0.10021477E+01
 0.10065885E+01
 0.10147755E+01
 0.10280151E+01
 0.10172852E+01
 0.10150944E+01
 0.10158575E+01
 0.10291586E+01
 0.10023223E+01
 0.10009564E+01
 0.10002232E+01
 0.99973834E+00
 0.99972183E+00
 0.99972951E+00
 0.99973053E+00
 0.99972540E+00
 0.99971265E+00
 0.99989522E+00
 0.99970520E+00
 0.99957567E+00
 0.10000327E+01
 0.10003852E+01
 0.10004392E+01
 0.10004379E+01
 0.10009696E+01
 0.10015320E+01
 0.10020715E+01
 0.10024828E+01
 0.10045919E+01
 0.10038449E+01
 0.10029671E+01
 0.10022163E+01
 0.10015664E+01
 0.10010769E+01
 0.10049710E+01
 0.10166816E+01
 0.10155625E+01
 0.10142715E+01
 0.10224043E+01
 0.10415609E+01
 0.10025964E+01
 0.10012302E+01
 0.10004473E+01
 0.10000054E+01
 0.99963623E+00
 0.99964231E+00
 0.99964249E+00
 0.99963224E+00
 0.99972177E+00
 0.99962246E+00
 0.99915397E+00
 0.99905622E+00
 0.99996316E+00
 0.10003718E+01
 0.10006319E+01
 0.10011677E+01
 0.10017235E+01
 0.10022830E+01
 0.10028129E+01
 0.10032278E+01
 0.10035495E+01
 0.10054780E+01
 0.10045173E+01
 0.10036964E+01
 0.10029793E+01
 0.10023371E+01
 0.10017426E+01
 0.10017585E+01
 0.10091325E+01
 0.10134842E+01
 0.10320896E+01
 0.10519367E+01
 0.10026267E+01
 0.10013524E+01
 0.10006131E+01
 0.10001395E+01
 0.99985707E+00
 0.99955428E+00
 0.99955148E+00
 0.99957788E+00
 0.99956691E+00
 0.99872845E+00
 0.99795425E+00
 0.99752599E+00
 0.99963880E+00
 0.99991357E+00
 0.10017319E+01
 0.10022033E+01
 0.10026895E+01
 0.10031884E+01
 0.10036687E+01
 0.10040569E+01
 0.10041536E+01
 0.10071476E+01
 0.10061314E+01
 0.10052879E+01
 0.10045779E+01
 0.10039735E+01
 0.10034649E+01
 0.10027182E+01
 0.99855596E+00
 0.10194423E+01
 0.10434049E+01
 0.10628388E+01
 0.10021762E+01
 0.10011631E+01
 0.10005839E+01
 0.10001980E+01
 0.99992019E+00
 0.99959624E+00
 0.99947280E+00
 0.99948335E+00
 0.99820280E+00
 0.99870527E+00
 0.10005779E+01
 0.10022231E+01
 0.10002986E+01
 0.10021850E+01
 0.10011815E+01
 0.10000366E+01
 0.10039223E+01
 0.10044827E+01
 0.10048063E+01
 0.10050862E+01
 0.10051250E+01
 0.10087469E+01
 0.10077990E+01
 0.10069969E+01
 0.10063958E+01
 0.10058745E+01
 0.10006778E+01
 0.10041478E+01
 0.99718177E+00
 0.99676639E+00
 0.10514660E+01
 0.10733269E+01
 0.10008380E+01
 0.10004976E+01
 0.10002761E+01
 0.10001442E+01
 0.10001171E+01
 0.10002207E+01
 0.10007831E+01
 0.10017438E+01
 0.10024841E+01
 0.10037527E+01
 0.10053058E+01
 0.10000532E+01
 0.10007675E+01
 0.10008291E+01
 0.10035917E+01
 0.10023725E+01
 0.10013611E+01
 0.10003580E+01
 0.10045929E+01
 0.10066572E+01
 0.10064929E+01
 0.10076965E+01
 0.10095316E+01
 0.10088732E+01
 0.10048822E+01
 0.10031787E+01
 0.10064447E+01
 0.10021497E+01
 0.99103183E+00
 0.98552108E+00
 0.10208182E+01
 0.10813359E+01
 0.10031247E+01
 0.10034236E+01
 0.10035498E+01
 0.10038354E+01
 0.10042528E+01
 0.10047749E+01
 0.10031526E+01
 0.10066823E+01
 0.10070056E+01
 0.10080292E+01
 0.10007297E+01
 0.10001603E+01
 0.10007758E+01
 0.10008402E+01
 0.10055856E+01
 0.10046161E+01
 0.10035378E+01
 0.10027102E+01
 0.10019788E+01
 0.10011640E+01
 0.10004821E+01
 0.10075848E+01
 0.10103434E+01
 0.10034637E+01
 0.10061429E+01
 0.10091124E+01
 0.10129631E+01
 0.99123621E+00
 0.97594768E+00
 0.96422809E+00
 0.97049975E+00
 0.10639820E+01
 0.99894679E+00
 0.10045664E+01
 0.10083778E+01
 0.10088202E+01
 0.10094109E+01
 0.10069056E+01
 0.10053204E+01
 0.10079944E+01
 0.10112100E+01
 0.10084296E+01
 0.99829316E+00
 0.99928099E+00
 0.99987829E+00
 0.99986756E+00
 0.99978828E+00
 0.10069156E+01
 0.10057446E+01
 0.10051717E+01
 0.10047967E+01
 0.10020983E+01
 0.98354453E+00
 0.95725781E+00
 0.97867942E+00
 0.10105318E+01
 0.10130349E+01
 0.10157030E+01
 0.10104661E+01
 0.97022080E+00
 0.94275260E+00
 0.92089611E+00
 0.91947216E+00
 0.95664179E+00
 0.99515903E+00
 0.10005249E+01
 0.10055914E+01
 0.10131316E+01
 0.10146878E+01
 0.10088410E+01
 0.10087495E+01
 0.10097955E+01
 0.10138326E+01
 0.99696702E+00
 0.99588728E+00
 0.99644524E+00
 0.99700785E+00
 0.99797362E+00
 0.99367142E+00
 0.98549062E+00
 0.95958471E+00
 0.92917812E+00
 0.89512438E+00
 0.85862446E+00
 0.82286239E+00
 0.79938829E+00
 0.84213030E+00
 0.89427805E+00
 0.94958925E+00
 0.10136638E+01
 0.97478253E+00
 0.92199546E+00
 0.87103701E+00
 0.83002114E+00
 0.80981725E+00
 0.83317500E+00
 0.99088258E+00
 0.99667609E+00
 0.10015961E+01
 0.10058700E+01
 0.10100428E+01
 0.10026968E+01
 0.99515617E+00
 0.99143815E+00
 0.97378576E+00
 0.94523883E+00
 0.91034669E+00
 0.88128424E+00
 0.85633814E+00
 0.84034926E+00
 0.84902024E+00
 0.84283876E+00
 0.81336665E+00
 0.76157564E+00
 0.70675147E+00
 0.66418993E+00
 0.63049364E+00
 0.63385874E+00
 0.68171102E+00
 0.75662827E+00
 0.82504839E+00
 0.82444578E+00
 0.62768364E+00
 0.48088568E+00
 0.38801980E+00
 0.34758836E+00
 0.37031397E+00
 0.43662798E+00
 0.98526239E+00
 0.99255651E+00
 0.99797916E+00
 0.99875402E+00
 0.98874897E+00
 0.98831350E+00
 0.96863365E+00
 0.93450475E+00
 0.89374268E+00
 0.84978807E+00
 0.80328226E+00
 0.75406766E+00
 0.71112108E+00
 0.69627780E+00
 0.67287761E+00
 0.63942099E+00
 0.60283178E+00
 0.56609285E+00
 0.53023052E+00
 0.49117905E+00
 0.45911571E+00
 0.47473860E+00
 0.52147031E+00
 0.58249271E+00
 0.63131255E+00
 0.55247474E+00
 0.25505650E+00
 0.12718984E+00
 0.43693025E-01
 0.21906677E-02
 0.37784390E-02
 0.57788957E-01
 0.97812718E+00
 0.98842168E+00
 0.99245203E+00
 0.98653036E+00
 0.97011292E+00
 0.93765610E+00
 0.89601326E+00
 0.84891635E+00
 0.80007583E+00
 0.75239742E+00
 0.70546961E+00
 0.66112328E+00
 0.62183404E+00
 0.58814812E+00
 0.54903710E+00
 0.50762618E+00
 0.46641186E+00
 0.42760208E+00
 0.39338395E+00
 0.36578012E+00
 0.34636700E+00
 0.35217163E+00
 0.39164010E+00
 0.44649413E+00
 0.48036867E+00
 0.24618813E+00
 0.24963055E-01
 0.53788472E-01
 0.35051599E-01
-0.25564555E-01
-0.56571785E-01
-0.42620808E-01
 0.96903890E+00
 0.97939426E+00
 0.97492039E+00
 0.95658231E+00
 0.92780358E+00
 0.89043504E+00
 0.84632450E+00
 0.79730982E+00
 0.74529183E+00
 0.69222409E+00
 0.64021462E+00
 0.59165174E+00
 0.54973948E+00
 0.51938564E+00
 0.48458987E+00
 0.44416130E+00
 0.40271205E+00
 0.36294255E+00
 0.32670674E+00
 0.29351813E+00
 0.27823582E+00
 0.28094018E+00
 0.30376214E+00
 0.34436652E+00
 0.32825011E+00
 0.52252542E-01
 0.10814605E-01
 0.37148863E-01
 0.53698331E-01
 0.12140248E-01
-0.10701291E-01
-0.30269942E-02
 0.95711231E+00
 0.96019781E+00
 0.95114243E+00
 0.92797601E+00
 0.89478195E+00
 0.85444885E+00
 0.80681348E+00
 0.75400221E+00
 0.69809324E+00
 0.64120013E+00
 0.58558536E+00
 0.53382629E+00
 0.48920116E+00
 0.45672354E+00
 0.43064955E+00
 0.39444965E+00
 0.35498792E+00
 0.31566560E+00
 0.27719140E+00
 0.24915890E+00
 0.23778257E+00
 0.23520227E+00
 0.24257895E+00
 0.26633614E+00
 0.14446475E+00
 0.73006913E-01
 0.53927261E-01
 0.51362317E-01
 0.56430463E-01
 0.34449574E-01
 0.15522312E-01
-0.14975575E-01
 0.93928039E+00
 0.93394125E+00
 0.92450547E+00
 0.89890015E+00
 0.86144304E+00
 0.81605327E+00
 0.76570588E+00
 0.71285278E+00
 0.65670472E+00
 0.59844935E+00
 0.54080057E+00
 0.48657998E+00
 0.43910798E+00
 0.40297088E+00
 0.38176280E+00
 0.35207784E+00
 0.31627345E+00
 0.27847403E+00
 0.24531685E+00
 0.22742018E+00
 0.21469842E+00
 0.20604107E+00
 0.20299864E+00
 0.20697059E+00
 0.16464187E+00
 0.13769908E+00
 0.11290914E+00
 0.88380724E-01
 0.65270931E-01
 0.48115656E-01
 0.28340723E-01
-0.95631309E-01
 0.91057372E+00
 0.90415299E+00
 0.89451164E+00
 0.86740029E+00
 0.82778442E+00
 0.77947724E+00
 0.72544378E+00
 0.66823894E+00
 0.61017895E+00
 0.55346835E+00
 0.49922392E+00
 0.44599000E+00
 0.39730972E+00
 0.35787970E+00
 0.33469895E+00
 0.31350273E+00
 0.28283462E+00
 0.25143245E+00
 0.23234555E+00
 0.21529445E+00
 0.19847581E+00
 0.18317132E+00
 0.17310572E+00
 0.17209683E+00
 0.17247280E+00
 0.16878210E+00
 0.15695301E+00
 0.13094845E+00
 0.94254985E-01
 0.56176092E-01
 0.18581582E-01
-0.15125234E+00
 0.87738478E+00
 0.87113804E+00
 0.86090881E+00
 0.83274794E+00
 0.79192662E+00
 0.74213368E+00
 0.68629694E+00
 0.62697595E+00
 0.56649578E+00
 0.50706857E+00
 0.45079055E+00
 0.39971992E+00
 0.35592043E+00
 0.31848073E+00
 0.29089046E+00
 0.27610534E+00
 0.25370508E+00
 0.23764226E+00
 0.21773052E+00
 0.19405767E+00
 0.17354035E+00
 0.15833545E+00
 0.15031734E+00
 0.14816830E+00
 0.14699468E+00
 0.14255951E+00
 0.13285866E+00
 0.11638944E+00
 0.91551051E-01
 0.56446869E-01
 0.87523162E-02
-0.16948996E+00
 0.83967078E+00
 0.83476806E+00
 0.82346416E+00
 0.79462135E+00
 0.75322425E+00
 0.70284569E+00
 0.64636707E+00
 0.58631885E+00
 0.52502620E+00
 0.46468508E+00
 0.40739879E+00
 0.35523540E+00
 0.31022137E+00
 0.27435672E+00
 0.24969539E+00
 0.23766886E+00
 0.22600111E+00
 0.20925638E+00
 0.18983127E+00
 0.16994797E+00
 0.15190373E+00
 0.13837051E+00
 0.13131978E+00
 0.12845492E+00
 0.12458245E+00
 0.11682653E+00
 0.10384154E+00
 0.85690036E-01
 0.67348294E-01
 0.43977920E-01
 0.15448543E-01
-0.16309023E+00
 0.79724991E+00
 0.79412448E+00
 0.78196275E+00
 0.75281870E+00
 0.71143842E+00
 0.66126853E+00
 0.60512686E+00
 0.54549003E+00
 0.48464286E+00
 0.42475680E+00
 0.36791873E+00
 0.31615528E+00
 0.27146912E+00
 0.23528212E+00
 0.20877922E+00
 0.19783431E+00
 0.19088086E+00
 0.17996632E+00
 0.16459818E+00
 0.14761415E+00
 0.13159747E+00
 0.11977791E+00
 0.11383553E+00
 0.10911047E+00
 0.10158232E+00
 0.89924231E-01
 0.76363698E-01
 0.67308977E-01
 0.58076672E-01
 0.39346188E-01
 0.20019997E-01
-0.14406498E+00
 0.75002110E+00
 0.74894798E+00
 0.73622781E+00
 0.70729971E+00
 0.66669369E+00
 0.61770952E+00
 0.56306356E+00
 0.50516343E+00
 0.44622487E+00
 0.38835421E+00
 0.33311641E+00
 0.28020740E+00
 0.23266187E+00
 0.19448248E+00
 0.17077053E+00
 0.16227376E+00
 0.15579900E+00
 0.14870590E+00
 0.13921213E+00
 0.12576549E+00
 0.11196405E+00
 0.10204548E+00
 0.96020974E-01
 0.88260151E-01
 0.77454746E-01
 0.68787836E-01
 0.63393116E-01
 0.58757655E-01
 0.46032984E-01
 0.34414280E-01
 0.20731254E-01
-0.97606152E-01
 0.69783741E+00
 0.69900399E+00
 0.68621629E+00
 0.65838432E+00
 0.61981332E+00
 0.57361782E+00
 0.52237546E+00
 0.46804732E+00
 0.40986079E+00
 0.35007903E+00
 0.29167354E+00
 0.23767123E+00
 0.19134644E+00
 0.15654592E+00
 0.13831125E+00
 0.13082716E+00
 0.12494428E+00
 0.11894625E+00
 0.11209773E+00
 0.10380996E+00
 0.92891514E-01
 0.84614336E-01
 0.76481961E-01
 0.68035059E-01
 0.61901208E-01
 0.57734657E-01
 0.54553900E-01
 0.49135916E-01
 0.35233576E-01
 0.27639054E-01
 0.17899482E-01
-0.29271722E-01
 0.64041549E+00
 0.64412659E+00
 0.63234991E+00
 0.60761434E+00
 0.57383496E+00
 0.53059727E+00
 0.47925788E+00
 0.42256075E+00
 0.36315370E+00
 0.30367982E+00
 0.24685515E+00
 0.19556077E+00
 0.15300934E+00
 0.12312669E+00
 0.10963153E+00
 0.10296328E+00
 0.97874761E-01
 0.93011484E-01
 0.87721840E-01
 0.81609696E-01
 0.74424297E-01
 0.66692710E-01
 0.59993394E-01
 0.54619204E-01
 0.50704971E-01
 0.47916315E-01
 0.44782616E-01
 0.37136968E-01
 0.26783209E-01
 0.19860663E-01
 0.12785702E-01
-0.61230079E-04
 0.57836568E+00
 0.58466148E+00
 0.57662898E+00
 0.55417162E+00
 0.51982266E+00
 0.47607219E+00
 0.42538601E+00
 0.37023073E+00
 0.31311870E+00
 0.25661081E+00
 0.20337012E+00
 0.15623394E+00
 0.11841627E+00
 0.93975686E-01
 0.83815575E-01
 0.78046389E-01
 0.73761955E-01
 0.69925450E-01
 0.65956563E-01
 0.61863698E-01
 0.57159066E-01
 0.51524453E-01
 0.46499651E-01
 0.42477451E-01
 0.39633065E-01
 0.37410047E-01
 0.33951789E-01
 0.24768390E-01
 0.18282194E-01
 0.12809370E-01
 0.83041526E-02
 0.46866909E-02
 0.51243323E+00
 0.51886022E+00
 0.51215518E+00
 0.49141002E+00
 0.45851362E+00
 0.41685113E+00
 0.36882052E+00
 0.31685603E+00
 0.26342049E+00
 0.21104228E+00
 0.16232231E+00
 0.12004086E+00
 0.87362364E-01
 0.68473555E-01
 0.60213856E-01
 0.54993290E-01
 0.50904594E-01
 0.47851380E-01
 0.46583585E-01
 0.45368493E-01
 0.41778471E-01
 0.37839830E-01
 0.34580249E-01
 0.31318050E-01
 0.28831221E-01
 0.26907925E-01
 0.23251021E-01
 0.16146265E-01
 0.11699562E-01
 0.82574934E-02
 0.49366942E-02
 0.14674029E-02
 0.44263470E+00
 0.44556251E+00
 0.43690655E+00
 0.41730046E+00
 0.38960123E+00
 0.35364273E+00
 0.31104660E+00
 0.26393205E+00
 0.21478505E+00
 0.16716081E+00
 0.12358808E+00
 0.86660326E-01
 0.59362818E-01
 0.45134518E-01
 0.37359420E-01
 0.32105349E-01
 0.30409446E-01
 0.30558448E-01
 0.31300541E-01
 0.31331602E-01
 0.28509304E-01
 0.26009914E-01
 0.24154812E-01
 0.22292405E-01
 0.20002553E-01
 0.17777897E-01
 0.13941256E-01
 0.10187681E-01
 0.72270809E-02
 0.45293388E-02
 0.20143215E-02
-0.47418993E-03
 0.36753365E+00
 0.36520383E+00
 0.35536519E+00
 0.33946753E+00
 0.31221858E+00
 0.27965990E+00
 0.24252144E+00
 0.20224684E+00
 0.16091108E+00
 0.12087682E+00
 0.84623441E-01
 0.54715894E-01
 0.33753507E-01
 0.22720899E-01
 0.17314311E-01
 0.15473297E-01
 0.15795674E-01
 0.17253812E-01
 0.18941460E-01
 0.19617345E-01
 0.17587248E-01
 0.16339425E-01
 0.15581224E-01
 0.14733899E-01
 0.13416914E-01
 0.11318428E-01
 0.84308321E-02
 0.57165134E-02
 0.33405996E-02
 0.13069323E-02
-0.43566868E-03
-0.19913716E-02
 0.28560808E+00
 0.27908537E+00
 0.26742750E+00
 0.25323832E+00
 0.23570377E+00
 0.20783925E+00
 0.17512836E+00
 0.14096525E+00
 0.10671969E+00
 0.74480742E-01
 0.46682797E-01
 0.26131691E-01
 0.13979463E-01
 0.66129314E-02
 0.39825756E-02
 0.39947205E-02
 0.52593923E-02
 0.72727101E-02
 0.93733985E-02
 0.10390213E-01
 0.92469510E-02
 0.90600196E-02
 0.91606844E-02
 0.90523316E-02
 0.84012821E-02
 0.68533802E-02
 0.44551603E-02
 0.18540156E-02
 0.33012839E-07
-0.13957710E-02
-0.23740400E-02
-0.30179427E-02
 0.19683334E+00
 0.18838251E+00
 0.17684424E+00
 0.16409084E+00
 0.15057193E+00
 0.13596159E+00
 0.11435966E+00
 0.86993873E-01
 0.61107051E-01
 0.38269892E-01
 0.21014987E-01
 0.10606397E-01
 0.35616904E-02
-0.10056219E-02
-0.34348813E-02
-0.36985059E-02
-0.17262377E-02
 0.52940269E-03
 0.27119108E-02
 0.38817585E-02
 0.37060638E-02
 0.43577286E-02
 0.50846478E-02
 0.50125755E-02
 0.41448814E-02
 0.29578782E-02
 0.15437079E-02
-0.90787304E-04
-0.19886745E-02
-0.34368162E-02
-0.37225490E-02
-0.34935665E-02
 0.10202536E+00
 0.94615281E-01
 0.86359061E-01
 0.77979997E-01
 0.69560632E-01
 0.61110742E-01
 0.52580327E-01
 0.41852675E-01
 0.25658138E-01
 0.13935543E-01
 0.75988192E-02
 0.35838203E-02
 0.69300388E-03
-0.14495619E-02
-0.29628067E-02
-0.38453420E-02
-0.39774198E-02
-0.29447696E-02
-0.85938280E-03
 0.35666331E-03
 0.11231779E-02
 0.17568599E-02
 0.13621431E-02
 0.88560634E-03
 0.39235197E-03
-0.11160644E-03
-0.63609757E-03
-0.12026019E-02
-0.18500407E-02
-0.26535699E-02
-0.37421999E-02
-0.33381344E-02
