1              TENSION FACTORS,  N =   33 NODES

                   N1     N2        TENSION


                    1     20       7.41472530
                    1      4      85.00000000
                    1     18      85.00000000
                    1     19      85.00000000
                    2     19      85.00000000
                    2     18      85.00000000
                    2     21      85.00000000
                    2      7      85.00000000
                    2      5      85.00000000
                    3     19      85.00000000
                    3      5       0.73572963
                    3      8      18.42381668
                    4     20      85.00000000
                    4     22      11.22086048
                    4      6      18.82628250
                    4     21       5.72930861
                    4     18      85.00000000
                    5     24      85.00000000
                    5      8      85.00000000
                    5     19       0.00000000
                    5      7      85.00000000
                    6     22      85.00000000
                    6     15      12.02149201
                    6     25       0.00000000
                    6     23       0.77679551
                    6     21      85.00000000
                    7     23      85.00000000
                    7      9       0.00000000
                    7     24      85.00000000
                    7     21      85.00000000
                    8     24       3.92121983
                    8     26       0.00000000
                    8     10       0.00000000
                    8     31       6.79184818
                    9     25       0.00000000
                    9     28       2.36335325
                    9     27       4.13625956
                    9     24       0.00000000
                    9     23       0.00000000
                   10     31      85.00000000
                   10     26       0.00000000
                   10     11      85.00000000
                   10     12       0.00000000
                   11     27       0.00000000
                   11     29       8.34616280
                   11     30       0.00000000
                   11     12       9.46762943
                   11     26      15.65314961
                   12     31       0.00000000
                   12     30       3.54276896
                   13     16       0.00000000
                   13     17       0.00000000
1
                   13     14       4.00631714
                   13     29       0.00000000
                   13     28       1.19018030
                   14     31      85.00000000
                   14     30       0.00000000
                   14     29       0.00000000
                   14     17       0.00000000
                   15     20      20.75610543
                   15     32       0.00000000
                   15     16       0.00000000
                   15     28       0.00000000
                   15     25       0.00000000
                   15     22       0.00000000
                   16     33       0.00000000
                   16     17       0.00000000
                   16     28       0.00000000
                   16     32       0.00000000
                   17     33      35.88767242
                   18     19      85.00000000
                   18     21      85.00000000
                   20     33       0.00000000
                   20     32       4.14321756
                   20     22      21.98029709
                   21     23      85.00000000
                   23     25       0.00000000
                   24     27       0.00000000
                   24     26       0.00000000
                   25     28       0.00000000
                   26     27       0.00000000
                   27     28       0.00000000
                   27     29       6.87488270
                   28     29       0.00000000
                   29     30       0.00000000
                   30     31       0.00000000
                   32     33       0.00000000


           NA =   87 ARCS
